x: -2.577570093457946
y: -3.81962616822432
heading: -3